# stiff_hub_rotate_0deg 
## load: 2739.2N 400N 60N.m 2215RPM
0.00207963539287
9.07392968656e-05
0.000351769645931
0.00127883185633
## 0rpm
       0.0
     105.7
     295.8
     405.3
     591.2
     733.9
     769.7
     1026.
     1225.
     1465.
     1723.
## 1107.50rpm
       0.0        0.0
     108.6      5.886
     299.8      16.24
     408.2      22.11
     598.3      32.41
     736.5      39.90
     774.7      41.97
     1033.      55.98
     1233.      66.80
     1472.      79.78
     1732.      93.83
## 2215rpm
       0.0        0.0
     116.9      3.167
     310.6      8.413
     415.9      11.26
     616.4      16.69
     744.0      20.15
     788.4      21.35
     1052.      28.51
     1255.      33.99
     1492.      40.43
     1756.      47.56
# rotate_10deg 
## load: 2000N 200N 40N.m 2215RPM
0.00148208078463
5.7714216382e-05
0.000220167799853
0.00129213929176
## 0rpm
       0.0
     105.6
     295.8
     405.3
     591.1
     734.1
     769.8
     1027.
     1226.
     1466.
     1726.
## 1107.50rpm
       0.0        0.0
     108.4      5.877
     299.8      16.24
     408.4      22.12
     598.4      32.41
     736.8      39.91
     775.1      41.98
     1034.      56.01
     1234.      66.86
     1474.      79.87
     1735.      94.00
## 2215rpm
       0.0        0.0
     116.2      3.148
     310.6      8.413
     416.6      11.28
     616.8      16.70
     744.4      20.16
     789.3      21.37
     1053.      28.53
     1256.      34.04
     1496.      40.52
     1759.      47.66
# rotate_30deg 
## load: 2000N 200N 40N.m 2215RPM
0.00119859946426
9.50924950303e-05
0.000179424649104
0.00128822750412
## 0rpm
       0.0
     105.7
     296.0
     406.0
     592.6
     734.4
     773.8
     1030.
     1233.
     1469.
     1745.
## 1107.50rpm
       0.0        0.0
     108.0      5.851
     300.0      16.25
     409.2      22.17
     600.0      32.50
     737.2      39.93
     779.1      42.20
     1038.      56.22
     1241.      67.26
     1478.      80.11
     1754.      95.05
## 2215rpm
       0.0        0.0
     114.4      3.099
     310.7      8.416
     417.6      11.31
     618.9      16.76
     745.0      20.18
     793.3      21.48
     1057.      28.63
     1264.      34.24
     1503.      40.70
     1780.      48.21
# rotate_45deg 
## load: 2000N 200N 40N.m 2215RPM
0.00119859946426
9.50924950303e-05
0.000179424649104
0.00128822750412
## 570rpm
       0.0        0.0
     105.7      11.12
     296.0      31.16
     406.0      42.74
     592.6      62.38
     734.4      77.30
     773.8      81.45
     1030.      108.5
     1233.      129.8
     1469.      154.7
     1745.      183.7
## 700rpm
       0.0        0.0
     108.0      9.256
     300.0      25.70
     409.2      35.07
     600.0      51.42
     737.2      63.17
     779.1      66.76
     1038.      88.94
     1241.      106.4
     1478.      126.7
     1754.      150.3
## 2215rpm
       0.0        0.0
     114.4      3.099
     310.7      8.416
     417.6      11.31
     618.9      16.76
     745.0      20.18
     793.3      21.48
     1057.      28.63
     1264.      34.24
     1503.      40.70
     1780.      48.21
